#6688
	 stress:
		-0.0104302	-0.0233783	1.44505	0.0068938	0.137717	-0.000676808
		-0.0109438	-0.024068	1.44403	-0.0048025	0.137758	-0.000741031
		0.00485089	0.0219482	1.58162	-0.00491628	0.137672	-0.00079607
		0.00536687	0.0226403	1.58265	0.00678002	0.137631	-0.000727065
		-0.00791189	-0.0208264	1.44657	0.00687943	-0.137462	0.00129762
		-0.00842545	-0.0215161	1.44555	-0.00478813	-0.137411	0.00123339
		0.00749915	0.0245558	1.5832	-0.00490191	-0.137497	0.00119085
		0.00801513	0.0252479	1.58423	0.00676565	-0.137548	0.00125986
#6752
	 stress:
		-0.00979452	-0.0216748	1.44674	0.00963678	0.13768	-0.000612586
		-0.010946	-0.0235993	1.44483	-0.00317835	0.137717	-0.000676808
		-0.000208012	0.020251	1.58026	-0.00367769	0.137631	-0.000727065
		0.000930184	0.0221623	1.58214	0.00913744	0.137594	-0.00065806
		-0.0072762	-0.0191229	1.44827	0.00962241	-0.137446	0.00234658
		-0.00842767	-0.0210474	1.44635	-0.00316398	-0.137462	0.00228236
		0.00244026	0.0228587	1.58184	-0.00366332	-0.137548	0.00216339
		0.00357846	0.0247699	1.58372	0.00912307	-0.137532	0.0022324
#6816
	 stress:
		-0.00882896	-0.0188753	1.44919	0.0129462	0.137647	-0.000548363
		-0.0106148	-0.0220264	1.44639	-0.00211713	0.13768	-0.000612586
		-0.0100561	0.0174539	1.57743	-0.00299901	0.137594	-0.00065806
		-0.00828577	0.0205894	1.5802	0.0120644	0.137561	-0.000589055
		-0.00631064	-0.0163234	1.45072	0.0129319	-0.137417	0.00339555
		-0.00809652	-0.0194745	1.44791	-0.00210276	-0.137446	0.00333133
		-0.0074078	0.0200615	1.57901	-0.00298464	-0.137532	0.00320526
		-0.0056375	0.023197	1.58178	0.01205	-0.137503	0.00327427

#6880
	 stress:
		-0.00753154	-0.0149826	1.4524	0.0168239	0.137617	-0.00048414
		-0.00994987	-0.0193557	1.44871	-0.0016217	0.137647	-0.000548363
		-0.0247001	0.0135547	1.57317	-0.00288443	0.137561	-0.000589055
		-0.0222968	0.0179127	1.57682	0.0155611	0.137531	-0.00052005
		-0.00501321	-0.0124306	1.45392	0.0168095	-0.137386	0.00444452
		-0.00743154	-0.0168038	1.45024	-0.00160733	-0.137417	0.0043803
		-0.0220518	0.0161623	1.57474	-0.00287006	-0.137503	0.00426144
		-0.0196485	0.0205204	1.5784	0.0155468	-0.137472	0.00433045

#6944
	 stress:
		-0.0058799	-0.00998465	1.45638	0.0212821	0.137591	-0.000419917
		-0.00893192	-0.0155827	1.4518	-0.00168915	0.137617	-0.00048414
		-0.044161	0.00854237	1.56745	-0.00333381	0.137531	-0.00052005
		-0.0411244	0.0141251	1.57199	0.0196374	0.137505	-0.000451045
		-0.00336156	-0.00743269	1.4579	0.0212677	-0.13735	0.0054935
		-0.00641359	-0.0130308	1.45332	-0.00167478	-0.137386	0.00542928
		-0.0415127	0.01115	1.56902	-0.00331944	-0.137472	0.00531361
		-0.0384761	0.0167327	1.57356	0.019623	-0.137436	0.00538261
#7008
	 stress:
		-0.00384103	-0.00382868	1.46115	0.026332	0.137569	-0.000355694
		-0.00754706	-0.0106991	1.45566	-0.00231812	0.137591	-0.000419917
		-0.0684701	0.00240544	1.56027	-0.00436224	0.137505	-0.000451045
		-0.0647861	0.00925395	1.5657	0.0242879	0.137483	-0.000382039
		-0.0013227	-0.00127672	1.46267	0.0263176	-0.137284	0.00654233
		-0.00502873	-0.00814719	1.45718	-0.00230376	-0.13735	0.00647811
		-0.0658218	0.00501309	1.56184	-0.00434787	-0.137436	0.00633329
		-0.0621377	0.0118616	1.56728	0.0242735	-0.13737	0.0064023

#7072
	 stress:
		-0.0014795	0.00452983	1.467	0.0318984	0.13755	-0.000291471
		-0.00640314	-0.00492672	1.46005	-0.00341812	0.137569	-0.000355694
		-0.0974921	-0.00476293	1.55168	-0.00634621	0.137483	-0.000382039
		-0.092627	0.00463503	1.5585	0.0289704	0.137465	-0.000313033
		0.00103883	0.00708174	1.46852	0.0318841	-0.137068	0.0075965
		-0.00388479	-0.00237476	1.46157	-0.00340375	-0.137284	0.00753227
		-0.0948438	-0.00215526	1.55326	-0.00633183	-0.13737	0.00720264
		-0.0899787	0.00724265	1.56008	0.028956	-0.137154	0.00727165

#7136
	 stress:
		-0.00347407	0.0145664	1.47233	0.0352662	0.137535	-0.000227237
		-0.010368	0.000720471	1.46319	-0.00562347	0.13755	-0.000291471
		-0.126716	-0.00997447	1.54389	-0.0101142	0.137465	-0.000313033
		-0.119968	0.00372522	1.55268	0.0307755	0.13745	-0.000244031
		-0.000955588	0.0171181	1.47385	0.035252	-0.136497	0.00846801
		-0.00784937	0.00327252	1.46472	-0.0056091	-0.137068	0.00840378
		-0.124068	-0.0073669	1.54547	-0.0100997	-0.137154	0.00762519
		-0.11732	0.00633244	1.55426	0.0307613	-0.136583	0.00769419

#7776
	 stress:
		-0.0223448	0.00677384	1.46437	0.00947216	0.137532	0.000213326
		-0.0182687	0.014389	1.47035	-0.0264788	0.137523	0.000158231
		-0.1397	0.00133181	1.54825	-0.0238117	0.137437	0.000169646
		-0.143605	-0.00611233	1.54268	0.0121393	0.137446	0.000228802
		-0.0198253	0.00932584	1.4659	0.00945929	-0.136483	-0.00837291
		-0.015749	0.0169414	1.47187	-0.0264672	-0.135807	-0.008428
		-0.137051	0.00393933	1.54983	-0.0238	-0.135892	-0.00738362
		-0.140956	-0.00350516	1.54426	0.0121265	-0.136569	-0.00732446

#7904
	 stress:
		-0.0243076	0.0118009	1.46776	0.0182232	0.137523	0.000158231
		-0.0243507	0.0100268	1.46939	-0.0182275	0.137517	0.00010317
		-0.148628	-0.00436983	1.54568	-0.019532	0.137431	0.000110529
		-0.148375	-0.00238623	1.54454	0.0169187	0.137437	0.000169646
		-0.0217889	0.0143528	1.46928	0.0182101	-0.135807	-0.00742114
		-0.0218317	0.0125796	1.47091	-0.0182162	-0.134974	-0.0074762
		-0.14598	-0.00176191	1.54725	-0.0195204	-0.135059	-0.0062042
		-0.145728	0.000220752	1.54611	0.016906	-0.135892	-0.00614508

#8032
	 stress:
		-0.0288927	0.0080802	1.46744	0.0207863	0.137517	0.00010317
		-0.0300128	0.0043229	1.46747	-0.0140712	0.137514	4.81138e-05
		-0.146039	-0.00662555	1.547	-0.0160587	0.137428	5.14547e-05
		-0.144765	-0.00271455	1.54733	0.0187989	0.137431	0.000110529
		-0.0263739	0.0106329	1.46896	0.0207738	-0.134974	-0.00507702
		-0.0274939	0.00687566	1.46899	-0.0140596	-0.134361	-0.00513208
		-0.143393	-0.0040182	1.54857	-0.0160471	-0.134447	-0.00420059
		-0.142119	-0.000107232	1.54891	0.0187864	-0.135059	-0.00414152

#8160
	 stress:
		-0.031182	0.00382183	1.46696	0.0187172	0.137514	4.81138e-05
		-0.0319444	0.00163214	1.46661	-0.0149513	0.137513	-6.97808e-06
		-0.14176	-0.00668969	1.54869	-0.0160269	0.137427	-7.58211e-06
		-0.140935	-0.00443825	1.54918	0.0176416	0.137428	5.14547e-05
		-0.028662	0.00637508	1.46849	0.0187051	-0.134361	-0.00181145
		-0.0294243	0.00418559	1.46814	-0.0149397	-0.134115	-0.00186654
		-0.139115	-0.00408265	1.55026	-0.0160152	-0.134201	-0.00149424
		-0.13829	-0.00183139	1.55076	0.0176296	-0.134447	-0.0014352

#8288
	 stress:
		-0.0315416	0.00180477	1.46679	0.0147453	0.137513	-6.97808e-06
		-0.0307366	0.00409572	1.46718	-0.0190883	0.137514	-6.20217e-05
		-0.141367	-0.00454336	1.54901	-0.0179685	0.137429	-6.66408e-05
		-0.142228	-0.00689031	1.54849	0.0158651	0.137427	-7.58211e-06
		-0.0290231	0.00435756	1.46831	0.0147335	-0.134115	0.001861
		-0.028218	0.00664854	1.4687	-0.019076	-0.134337	0.00180596
		-0.138721	-0.00193598	1.55059	-0.0179562	-0.134423	0.00146319
		-0.139582	-0.00428296	1.55006	0.0158533	-0.134201	0.00152225

#8416
	 stress:
		-0.0301903	0.00432985	1.46741	0.0137779	0.137514	-6.20217e-05
		-0.0288313	0.00866792	1.4676	-0.0212025	0.137519	-0.000117088
		-0.145343	-0.00239544	1.54724	-0.0189574	0.137433	-0.000125724
		-0.14687	-0.00690197	1.54665	0.016023	0.137429	-6.66408e-05
		-0.027671	0.00688298	1.46893	0.0137667	-0.134337	0.0052238
		-0.0263123	0.0112202	1.46913	-0.0211896	-0.135008	0.00516874
		-0.142696	0.00021146	1.54881	-0.0189448	-0.135094	0.00414283
		-0.144223	-0.00429425	1.54823	0.0160114	-0.134423	0.00420191

#8544
	 stress:
		-0.0251871	0.0102297	1.46917	0.0183976	0.137519	-0.000117088
		-0.0252871	0.0116643	1.4674	-0.0179564	0.137526	-0.000172164
		-0.148849	-0.0023084	1.54438	-0.0167999	0.13744	-0.000184858
		-0.148945	-0.00393929	1.54569	0.0195541	0.137433	-0.000125724
		-0.0226678	0.0127822	1.47069	0.0183862	-0.135008	0.00743705
		-0.0227681	0.0142161	1.46892	-0.0179434	-0.135788	0.00738197
		-0.146201	0.000298564	1.54596	-0.0167872	-0.135873	0.00618362
		-0.146297	-0.0013317	1.54727	0.0195424	-0.135094	0.00624275

#8672
	 stress:
		-0.0171815	0.0151381	1.47087	0.0271154	0.137526	-0.000172164
		-0.0215693	0.00681132	1.46457	-0.00915976	0.137535	-0.000227237
		-0.144535	-0.00680352	1.54216	-0.0121283	0.13745	-0.000244031
		-0.140327	0.00134378	1.54804	0.0241469	0.13744	-0.000184858
		-0.0146626	0.0176899	1.47239	0.0271034	-0.135788	0.00848465
		-0.0190504	0.00936321	1.46609	-0.00914709	-0.136497	0.00842958
		-0.141886	-0.00419592	1.54373	-0.0121155	-0.136583	0.00732904
		-0.137678	0.00395127	1.54961	0.0241349	-0.135873	0.00738821

#8736
	 stress:
		0.00485185	0.0219471	1.58173	0.00491647	0.13766	0.000780866
		-0.0109412	-0.0240654	1.44415	0.00480128	0.137746	0.000727145
		-0.0104313	-0.0233772	1.44516	-0.00689427	0.137707	0.000662919
		0.00536408	0.0226377	1.58275	-0.00677907	0.137621	0.000711857
		0.00750027	0.0245549	1.58331	0.0049021	-0.137489	-0.00117815
		-0.0084227	-0.0215133	1.44567	0.00478691	-0.137403	-0.00121956
		-0.00791285	-0.0208252	1.44668	-0.00687989	-0.137452	-0.00128378
		0.0080125	0.0252455	1.58433	-0.0067647	-0.137538	-0.00124715

#8800
	 stress:
		-0.000208176	0.0202496	1.58036	0.0036779	0.137621	0.000711857
		-0.0109434	-0.0235967	1.44494	0.00317713	0.137707	0.000662919
		-0.00979558	-0.0216737	1.44684	-0.0096375	0.137671	0.000598693
		0.000926727	0.0221597	1.58223	-0.00913672	0.137585	0.000642849
		0.00244024	0.0228574	1.58194	0.00366353	-0.137538	-0.00215292
		-0.00842491	-0.0210446	1.44646	0.00316276	-0.137452	-0.00226859
		-0.00727712	-0.0191216	1.44837	-0.00962313	-0.137436	-0.00233281
		0.00357514	0.0247675	1.58381	-0.00912235	-0.137522	-0.00222193

#8864
	 stress:
		-0.0100575	0.0174522	1.57753	0.00299937	0.137585	0.000642849
		-0.0106122	-0.0220236	1.44649	0.00211606	0.137671	0.000598693
		-0.00883	-0.018874	1.44929	-0.0129472	0.137638	0.000534466
		-0.00829039	0.0205867	1.58028	-0.0120639	0.137552	0.000573841
		-0.0074091	0.02006	1.5791	0.002985	-0.137522	-0.00319535
		-0.00809374	-0.0194716	1.44802	0.0021017	-0.137436	-0.00331762
		-0.00631154	-0.0163219	1.45081	-0.0129328	-0.137408	-0.00338184
		-0.00564199	0.0231945	1.58186	-0.0120495	-0.137494	-0.00326436

#8928
	 stress:
		-0.0247028	0.0135528	1.57325	0.00288495	0.137552	0.000573841
		-0.0099471	-0.0193528	1.44881	0.00162082	0.137638	0.000534466
		-0.00753249	-0.0149812	1.45248	-0.016825	0.13761	0.00047024
		-0.0223028	0.0179098	1.57689	-0.0155609	0.137524	0.000504832
		-0.0220544	0.0161606	1.57482	0.00287058	-0.137494	-0.00425168
		-0.00742865	-0.0168007	1.45033	0.00160645	-0.137408	-0.00436664
		-0.00501404	-0.0124291	1.45401	-0.0168107	-0.137378	-0.00443087
		-0.0196544	0.0205176	1.57847	-0.0155465	-0.137464	-0.00432069

#8992
	 stress:
		-0.0441656	0.00854006	1.56752	0.00333407	0.137524	0.000504832
		-0.00892805	-0.0155793	1.45189	0.00168855	0.13761	0.00047024
		-0.00588035	-0.00998419	1.45645	-0.0212837	0.137585	0.000406015
		-0.0411328	0.0141202	1.57205	-0.0196382	0.137499	0.000435824
		-0.0415172	0.0111478	1.5691	0.0033197	-0.137464	-0.00530386
		-0.00640961	-0.0130272	1.45341	0.00167419	-0.137378	-0.00541567
		-0.00336191	-0.00743214	1.45797	-0.0212693	-0.137344	-0.00547989
		-0.0384844	0.016728	1.57363	-0.0196238	-0.137429	-0.00537287

#9056
	 stress:
		-0.068482	0.00239913	1.56033	0.00436258	0.137499	0.000435824
		-0.00753783	-0.0106945	1.45574	0.00231672	0.137585	0.000406015
		-0.00383508	-0.00382464	1.46121	-0.0263374	0.137563	0.00034179
		-0.0648008	0.00924751	1.56575	-0.0242915	0.137478	0.000366816
		-0.0658336	0.00500688	1.56191	0.00434821	-0.137429	-0.00632332
		-0.00501941	-0.0081425	1.45726	0.00230236	-0.137344	-0.00646454
		-0.00131666	-0.0012726	1.46273	-0.026323	-0.137279	-0.00652876
		-0.0621524	0.0118553	1.56733	-0.0242771	-0.137364	-0.00639233

#9120
	 stress:
		-0.0975151	-0.0047729	1.55173	0.00634426	0.137478	0.000366816
		-0.00638137	-0.00491591	1.46012	0.00341872	0.137563	0.00034179
		-0.00146602	0.00452841	1.46706	-0.0319071	0.137546	0.000277565
		-0.0926581	0.00461306	1.55854	-0.0289816	0.13746	0.000297807
		-0.0948667	-0.00216516	1.55331	0.00632987	-0.137364	-0.0071916
		-0.00386295	-0.00236387	1.46164	0.00340435	-0.137279	-0.00751866
		0.00105238	0.00708039	1.46858	-0.0318928	-0.137062	-0.00758288
		-0.0900097	0.00722075	1.56011	-0.0289672	-0.137148	-0.00726061

#9184
	 stress:
		-0.126784	-0.0100124	1.54391	0.0102121	0.13746	0.000297807
		-0.0104456	0.000680008	1.46321	0.00558351	0.137546	0.000277565
		-0.00339645	0.0148946	1.4725	-0.0353036	0.137532	0.000213326
		-0.119883	0.00405409	1.55285	-0.030675	0.137446	0.000228802
		-0.124136	-0.00740481	1.54549	0.0101975	-0.137148	-0.00760638
		-0.00792686	0.00323215	1.46473	0.00556917	-0.137062	-0.00839285
		-0.000877941	0.0174461	1.47402	-0.0352893	-0.136483	-0.00845709
		-0.117235	0.00666114	1.55442	-0.0306609	-0.136569	-0.00767539
