		[	2890,[	0,	0.0748,	0.5	]],
		[	3331,[	0,	0.08,	0.5	]],
		[	4857,[	0,	0.0698,	0.5	]],
		[	6186,[	0,	0.0102,	0.5	]],
		[	7966,[	0,	0.0052,	0.5	]],
		[	9428,[	0,	0,	0.5	]],
		[	11332,[	0,	0.0774,	0.5	]],
		[	12151,[	0,	0.0733794,	0.5	]],
		[	12403,[	0,	0.0137059,	0.5	]],
		[	12466,[	0,	0.0172118,	0.5	]],
		[	12529,[	0,	0.0207176,	0.5	]],
		[	12592,[	0,	0.0242235,	0.5	]],
		[	12655,[	0,	0.0277294,	0.5	]],
		[	12718,[	0,	0.0312353,	0.5	]],
		[	12781,[	0,	0.0347412,	0.5	]],
		[	12844,[	0,	0.0382471,	0.5	]],
		[	12907,[	0,	0.0417529,	0.5	]],
		[	12970,[	0,	0.0452588,	0.5	]],
		[	13033,[	0,	0.0487647,	0.5	]],
		[	13096,[	0,	0.0522706,	0.5	]],
		[	13159,[	0,	0.0557765,	0.5	]],
		[	13222,[	0,	0.0592824,	0.5	]],
		[	13285,[	0,	0.0627882,	0.5	]],
		[	13348,[	0,	0.0662941,	0.5	]],
		[	13537,[	0,	0.00657373,	0.5	]],
		[	14419,[	0,	0.0026,	0.5	]],
