#elem
#32[355,2126,10701,2189,356,2127,10702,2190]
2127	-0.02300	0.0774	0.5	0.00842539	0.0215157	-1.44556	-0.00478805	-0.137409	-0.00123429
10702	-0.0209875	0.0774	0.5	0.00791157	0.0208258	-1.44659	0.00687933	-0.13746	-0.00129851
#96[2189,10701,10764,2252,2190,10702,10765,2253]
10702	-0.0209875	0.0774	0.5	0.00842760	0.02104700	-1.44637	-0.0031639	-0.13746	-0.00228326
10765	-0.018975	0.0774	0.5	0.00727587	0.0191224	-1.44828	0.00962237	-0.137444	-0.00234748
#160[2252,10764,10827,2315,2253,10765,10828,2316]
10765	-0.018975	0.0774	0.5	0.00809643	0.019474	-1.44793	-0.00210271	-0.137444	-0.00333223
10828	-0.0169625	0.0774	0.5	0.00631029	0.0163228	-1.45073	0.0129319	-0.137415	-0.00339645
#224[2315,10827,10890,2378,2316,10828,10891,2379]
10828	-0.0169625	0.0774	0.5	0.00743143	0.0168033	-1.45025	-0.00160733	-0.137415	-0.0043812
10891	-0.01495	0.0774	0.5	0.00501285	0.012430	-1.45394	0.0168096	-0.137384	-0.00444542
#288[2378,10890,10953,2441,2379,10891,10954,2442]
10891	-0.01495	0.0774	0.5	0.00641347	0.0130303	-1.45334	-0.00167482	-0.137384	-0.00543018
10954	-0.0129375	0.0774	0.5	0.00336118	0.00743204	-1.45791	0.0212678	-0.137348	-0.00549441
#352[2441,10953,11016,2504,2442,10954,11017,2505]
10954	-0.0129375	0.0774	0.5	0.00502862	0.00814666	-1.45720	-0.00230385	-0.137348	-0.00647901
11017	-0.010925	0.0774	0.5	0.00132232	0.00127601	-1.46268	0.0263178	-0.137283	-0.00654323
#416[2504,11016,11079,2567,2505,11017,11080,2568]
11017	-0.010925	0.0774	0.5	0.00388491	0.00237426	-1.46159	-0.0034039	-0.137283	-0.00753318
11080	-0.0089125	0.0774	0.5	-0.00103908	-0.00708265	-1.46854	0.0318842	-0.137067	-0.0075974
#480[2567,11079,2630,418,2568,11080,2631,419]
11080	-0.0089125	0.0774	0.5	0.00785049	-0.00327283	-1.46473	-0.00560949	-0.137067	-0.00840466
2631	-0.00690	0.0774	0.5	0.000956511	-0.0171184	-1.47387	0.0352513	-0.136495	-0.00846889
#2016[418,2630,11520,3141,419,2631,11521,3142]
2631	-0.00690	0.0774	0.5	0.0190498	-0.00936414	-1.46611	-0.00914879	-0.136495	-0.00842869
11521	-0.005175	0.0774	0.5	0.0146656	-0.0176827	-1.47241	0.0271012	-0.135784	-0.00848376
#1888[3141,11520,11457,3204,3142,11521,11458,3205]
11521	-0.005175	0.0774	0.5	0.0227548	-0.0142158	-1.46894	-0.0179373	-0.135784	-0.00737722
11458	-0.00345	0.0774	0.5	0.0226482	-0.0127977	-1.47072	0.0183974	-0.135003	-0.0074323
#1760[3204,11457,11394,3267,3205,11458,11395,3268]
11458	-0.00345	0.0774	0.5	0.0263285	-0.0112204	-1.46914	-0.0211895	-0.135003	-0.00515437
11395	-0.001725	0.0774	0.5	0.0276939	-0.00687037	-1.46894	0.0137627	-0.134337	-0.00520944
#1632[3267,11394,11331,3330,3268,11395,11332,3331]
11395	-0.001725	0.0774	0.5	0.0281687	-0.00666688	-1.46873	-0.0190799	-0.134337	-0.00179332
11332	0	0.0774	0.5	0.0289741	-0.00437773	-1.46834	0.014745	-0.134116	-0.00184836
#1504[3330,11331,11268,3393,3331,11332,11269,3394]
11332	0	0.0774	0.5	0.0294195	-0.00418685	-1.46815	-0.0149375	-0.134116	0.00187838
11269	0.001725	0.0774	0.5	0.0286566	-0.00637985	-1.46850	0.0187114	-0.134364	0.00182329
#1376[3393,11268,11205,3456,3394,11269,11206,3457]
11269	0.001725	0.0774	0.5	0.0274451	-0.00689905	-1.46902	-0.0140676	-0.134364	0.00514061
11206	0.003450	0.0774	0.5	0.0263268	-0.0106541	-1.46899	0.0207823	-0.134978	0.00508555
#1248[3456,11205,11142,3519,3457,11206,11143,3520]
11206	0.003450	0.0774	0.5	0.0218391	-0.0125774	-1.47091	-0.0182159	-0.134978	0.00747542
11143	0.005175	0.0774	0.5	0.0217928	-0.0143585	-1.46928	0.0182118	-0.135809	0.00742036
#1120[3519,11142,3582,559,3520,11143,3583,560]
11143	0.005175	0.0774	0.5	0.0157273	-0.016958	-1.47188	-0.02648	-0.135809	0.00842647
3583	0.006900	0.0774	0.5	0.0198098	-0.00932762	-1.46591	0.00945326	-0.136484	0.00837137
#2528[3582,11961,4534,559,3583,11962,4535,560]
3583	0.006900	0.0774	0.5	0.000875268	-0.0174424	-1.47402	-0.0352909	-0.136484	0.00845624
11962	0.0089125	0.0774	0.5	0.00792202	-0.00323303	-1.46474	0.00556896	-0.137063	0.008392
#2464[11961,11898,4471,4534,11962,11899,4472,4535]
11962	0.0089125	0.0774	0.5	-0.00105209	-0.00707908	-1.46859	-0.0318927	-0.137063	0.00758198
11899	0.010925	0.0774	0.5	0.00386264	0.00236424	-1.46165	0.00340425	-0.13728	0.00751775
#2400[11898,11835,4408,4471,11899,11836,4409,4472]
11899	0.010925	0.0774	0.5	0.00131709	0.00127329	-1.46274	-0.0263228	-0.13728	0.00652786
11836	0.0129375	0.0774	0.5	0.00501955	0.00814297	-1.45727	0.00230228	-0.137345	0.00646363
#2336[11835,11772,4345,4408,11836,11773,4346,4409]
11836	0.0129375	0.0774	0.5	0.00336227	0.0074327	-1.45798	-0.0212692	-0.137345	0.00547899
11773	0.014950	0.0774	0.5	0.00640972	0.0130277	-1.45341	0.00167414	-0.13738	0.00541477
#2272[11772,11709,4282,4345,11773,11710,4283,4346]
11773	0.014950	0.0774	0.5	0.00501437	0.0124297	-1.45401	-0.0168106	-0.13738	0.00442997
11710	0.0169625	0.0774	0.5	0.00742873	0.0168011	-1.45034	0.00160645	-0.13741	0.00436574
#2208[11709,11646,4219,4282,11710,11647,4220,4283]
11710	0.0169625	0.0774	0.5	0.00631186	0.0163224	-1.45082	-0.0129328	-0.13741	0.00338094
11647	0.018975	0.0774	0.5	0.0080938	0.0194719	-1.44802	0.00210173	-0.137438	0.00331672
#2144[11646,11583,4156,4219,11647,11584,4157,4220]
11647	0.018975	0.0774	0.5	0.00727742	0.0191221	-1.44837	-0.00962317	-0.137438	0.00233192
11584	0.0209875	0.0774	0.5	0.00842496	0.021045	-1.44647	0.00316282	-0.137454	0.00226769
#2080[11583,4093,700,4156,11584,4094,701,4157]
11584	0.0209875	0.0774	0.5	0.00791314	0.0208256	-1.44669	-0.00687998	-0.137454	0.00128289
4094	0.023000	0.0774	0.5	0.00842274	0.0215137	-1.44568	0.00478697	-0.137405	0.00121866

