#node	x	y	z	sigma_11
#3296[2889,12150,12087,2826,2890,12151,12088,2827]
		-0.0496362	-0.0140151	-1.38051	-0.0132433	0.137593	7.53493e-06
		-0.0353671	0.0119049	-1.30767	-0.0088769	0.137634	7.88952e-06
		-0.0388972	-0.00212159	-1.30873	-0.00244447	0.137637	-3.27713e-05
		-0.0552778	-0.02787	-1.38546	-0.00756889	0.137594	-4.35756e-05
2890,[	0,	0.0748,	0.5	]		-0.0519427	-0.0163105	-1.38189	-0.0132294	-0.119628	0.00313735
12151,[	0,	0.0733794,	0.5	]		-0.0375941	0.00964375	-1.30901	-0.00886705	-0.11958	0.00277824
		-0.0411232	-0.00437045	-1.31008	-0.00246012	-0.11917	0.00276098
		-0.0575791	-0.0301532	-1.38684	-0.00757682	-0.119282	0.00308624
#3808[12402,6185,931,6122,12403,6186,932,6123]
		-0.0112917	0.0230267	1.02011	-0.00459895	0.137815	-4.50747e-06
		0.013072	0.0788981	1.18198	-0.00281844	0.137731	-5.20655e-06
		0.0114916	0.0753878	1.18022	0.00571925	0.137732	4.33839e-05
		-0.0127193	0.0196693	1.0187	0.00393874	0.137816	3.8103e-05
		-0.00950651	0.0248561	1.02119	-0.00458564	-0.0984008	0.000104439
		0.0150294	0.0808013	1.18314	-0.00280862	-0.0984844	-0.000734355
		0.0134518	0.0772977	1.18138	0.00570242	-0.0980294	-0.000685764
		-0.0109312	0.0215053	1.01979	0.00392539	-0.0979454	0.00014705
#3872[12465,12402,6122,6059,12466,12403,6123,6060]
		-0.0106485	0.0169774	0.881541	-0.00458449	0.137888	-3.79144e-06
		0.00908921	0.0705822	1.04049	-0.00455703	0.137815	-4.50747e-06
		0.00908676	0.07055	1.04051	0.00461998	0.137816	3.8103e-05
		-0.0106816	0.0169146	0.881494	0.00459253	0.137889	3.3151e-05
12466,[	0,	0.0172118,	0.5	]		-0.00909403	0.0185792	0.882488	-0.00457192	-0.0968503	-6.26579e-05
12403,[	0,	0.0137059,	0.5	]		0.0108068	0.0722539	1.0415	-0.00454365	-0.0969238	0.000104439
		0.0108037	0.0722202	1.04153	0.0046081	-0.0970135	0.00014705
		-0.00912775	0.0185149	0.88244	0.00457983	-0.0969401	-2.57154e-05
#3936[12528,12465,6059,5996,12529,12466,6060,5997]
		-0.0106737	0.0111899	0.743436	-0.00453533	0.137951	-3.07492e-06
		0.00991963	0.0649698	0.902109	-0.00449371	0.137888	-3.79144e-06
		0.00987506	0.0648801	0.902051	0.00449918	0.137889	3.3151e-05
		-0.010711	0.0111075	0.743394	0.00445756	0.137952	2.8188e-05
12529,[	0,	0.0207176,	0.5	]		-0.00935321	0.012557	0.744243	-0.00452266	-0.0957983	-2.20831e-05
12466,[	0,	0.0172118,	0.5	]		0.0114036	0.066407	0.902986	-0.00448115	-0.0958612	-6.26579e-05
		0.0113591	0.0663175	0.902927	0.00448643	-0.0958384	-2.57154e-05
		-0.00939043	0.0124748	0.744201	0.00444492	-0.0957755	9.1798e-06
#4000[12591,12528,5996,5933,12592,12529,5997,5934]
		-0.0104484	0.00541804	0.60593	-0.00453885	0.138003	-2.35514e-06
		0.00975658	0.0588605	0.763867	-0.00445787	0.137951	-3.07492e-06
		0.00968728	0.0587034	0.763793	0.00454854	0.137952	2.8188e-05
		-0.0105183	0.00526039	0.605855	0.00446756	0.138005	2.32222e-05
12592,[	0,	0.0242235,	0.5	]		-0.00936166	0.00655154	0.606596	-0.00452619	-0.0948497	-2.44934e-05
12529,[	0,	0.0207176,	0.5	]		0.011007	0.0600641	0.764603	-0.00444519	-0.0949021	-2.20831e-05
		0.0109377	0.059907	0.764529	0.00453588	-0.0949027	9.1798e-06
		-0.00943155	0.00639386	0.606521	0.00445488	-0.0948503	1.0839e-06
#4064[12654,12591,5933,5870,12655,12592,5934,5871]
		-0.0102967	-0.000669025	0.468728	-0.00453087	0.138045	-1.63363e-06
		0.00976007	0.0525712	0.626138	-0.00446096	0.138003	-2.35514e-06
		0.0096992	0.0524345	0.626072	0.00453082	0.138005	2.32222e-05
		-0.0103565	-0.000804613	0.468664	0.00446091	0.138047	1.82601e-05
12655,[	0,	0.0277294,	0.5	]		-0.00944364	0.000230769	0.469254	-0.0045182	-0.0940865	-1.80016e-05
12592,[	0,	0.0242235,	0.5	]		0.0107767	0.0535411	0.626734	-0.00444829	-0.0941284	-2.44934e-05
		0.0107158	0.0534044	0.626668	0.00451816	-0.0941242	1.0839e-06
		-0.00950346	9.51669e-05	0.46919	0.00444824	-0.0940822	1.89209e-06
#4128[12717,12654,5870,5807,12718,12655,5871,5808]
		-0.010156	-0.00692736	0.3318	-0.00452623	0.138077	-9.10958e-07
		0.00976749	0.0461474	0.488792	-0.00445558	0.138045	-1.63363e-06
		0.00970707	0.0460104	0.488728	0.00452747	0.138047	1.82601e-05
		-0.0102157	-0.00706364	0.331737	0.00445682	0.138078	1.32987e-05
12718,[	0,	0.0312353,	0.5	]		-0.00953671	-0.00626129	0.332185	-0.00451356	-0.0934917	-1.3356e-05
12655,[	0,	0.0277294,	0.5	]		0.0105504	0.0468836	0.489248	-0.00444291	-0.0935231	-1.80016e-05
		0.01049	0.0467466	0.489183	0.00451481	-0.0935199	1.89209e-06
		-0.00959641	-0.00639756	0.332123	0.00444416	-0.0934884	8.53714e-07
#4192[12780,12717,5807,5744,12781,12718,5808,5745]
		-0.010035	-0.0133333	0.195056	-0.00452264	0.138098	-1.87897e-07
		0.00979446	0.0396238	0.35175	-0.00445288	0.138077	-9.10958e-07
		0.00973548	0.0394892	0.351688	0.0045238	0.138078	1.32987e-05
		-0.0100932	-0.0134671	0.194996	0.00445403	0.138099	8.33787e-06
12781,[	0,	0.0347412,	0.5	]		-0.00964935	-0.012901	0.195301	-0.00450997	-0.0930688	-8.32818e-06
12718,[	0,	0.0312353,	0.5	]		0.0103437	0.0401263	0.352066	-0.00444021	-0.0930897	-1.3356e-05
		0.0102847	0.0399917	0.352004	0.00451113	-0.0930863	8.53714e-07
		-0.00970754	-0.0130348	0.195241	0.00444137	-0.0930653	1.97586e-07
#4256[12843,12780,5744,5681,12844,12781,5745,5682]
		-0.00993249	-0.0198443	0.0584157	-0.00452032	0.138108	5.3482e-07
		0.00984022	0.0330421	0.214931	-0.00445138	0.138098	-1.87897e-07
		0.0097827	0.0329099	0.214872	0.0045215	0.138099	8.33787e-06
		-0.00998924	-0.0199758	0.058358	0.00445257	0.138109	3.37661e-06
12844,[	0,	0.0382471,	0.5	]		-0.00978058	-0.0196457	0.0585209	-0.00450765	-0.092817	-3.38044e-06
12781,[	0,	0.0347412,	0.5	]		0.0101557	0.0333109	0.215106	-0.00443872	-0.0928275	-8.32818e-06
		0.0100982	0.0331787	0.215047	0.00450883	-0.0928241	1.97586e-07
		-0.00983733	-0.0197771	0.0584632	0.0044399	-0.0928136	-5.38653e-07
#4320[12906,12843,5681,5618,12907,12844,5682,5619]
		-0.00984909	-0.0264189	-0.0781986	-0.00451928	0.138108	1.25644e-06
		0.00990483	0.0264428	0.078253	-0.00445112	0.138108	5.3482e-07
		0.0098487	0.0263128	0.0781959	0.0045204	0.138109	3.37661e-06
		-0.00990444	-0.0265481	-0.0782538	0.00445223	0.138109	-1.58551e-06
12907,[	0,	0.0417529,	0.5	]		-0.00993089	-0.0264539	-0.0782336	-0.00450661	-0.0927367	1.59053e-06
12844,[	0,	0.0382471,	0.5	]		0.00998662	0.0264778	0.0782881	-0.00443845	-0.0927367	-3.38044e-06
		0.0099305	0.0263478	0.078231	0.00450773	-0.0927332	-5.38653e-07
		-0.00998623	-0.0265832	-0.0782889	0.00443957	-0.0927332	-1.25142e-06
#4384[12969,12906,5618,5555,12970,12907,5619,5556]
		-0.00978448	-0.0330182	-0.214877	-0.00451955	0.138098	1.97626e-06
		0.00998823	0.0198682	-0.0583612	-0.00445215	0.138108	1.25644e-06
		0.0099335	0.0197404	-0.0584159	0.00452073	0.138109	-1.58551e-06
		-0.00983843	-0.0331452	-0.214929	0.00445334	0.138099	-6.54966e-06
12970,[	0,	0.0452588,	0.5	]		-0.0101	-0.033287	-0.215052	-0.00450687	-0.0928275	6.53152e-06
12907,[	0,	0.0417529,	0.5	]		0.00983631	0.0196695	-0.0584664	-0.00443949	-0.092817	1.59053e-06
		0.0097816	0.0195418	-0.0585211	0.00450807	-0.0928136	-1.25142e-06
		-0.0101539	-0.033414	-0.215105	0.00444068	-0.0928241	-1.9944e-06
#4448[13032,12969,5555,5492,13033,12970,5556,5493]
		-0.00973877	-0.0395999	-0.351696	-0.00452104	0.138077	2.69355e-06
		0.0100907	0.0133572	-0.195001	-0.00445447	0.138098	1.97626e-06
		0.0100374	0.0132318	-0.195054	0.00452219	0.138099	-6.54966e-06
		-0.00979126	-0.0397246	-0.351746	0.00445562	0.138078	-1.15163e-05
13033,[	0,	0.0487647,	0.5	]		-0.010288	-0.0401024	-0.352011	-0.00450837	-0.0930898	1.16137e-05
12970,[	0,	0.0452588,	0.5	]		0.00970509	0.0129249	-0.195247	-0.00444181	-0.0930688	6.53152e-06
		0.00965182	0.0127994	-0.195299	0.00450952	-0.0930653	-1.9944e-06
		-0.0103405	-0.040227	-0.352062	0.00444296	-0.0930862	-2.59615e-06
#4512[13095,13032,5492,5429,13096,13033,5493,5430]
		-0.00971154	-0.0461233	-0.488737	-0.00452389	0.138045	3.40757e-06
		0.0102118	0.00695135	-0.331745	-0.00445805	0.138077	2.69355e-06
		0.0101599	0.00682809	-0.331795	0.00452503	0.138078	-1.15163e-05
		-0.00976277	-0.0462459	-0.488786	0.00445918	0.138047	-1.64863e-05
13096,[	0,	0.0522706,	0.5	]		-0.0104945	-0.0468595	-0.489193	-0.00451122	-0.0935231	1.60339e-05
13033,[	0,	0.0487647,	0.5	]		0.00959244	0.00628527	-0.332131	-0.00444539	-0.0934916	1.16137e-05
		0.00954056	0.00616204	-0.332181	0.00451235	-0.0934885	-2.59615e-06
		-0.0105457	-0.0469821	-0.489241	0.00444653	-0.0935199	-3.85998e-06
#4576[13158,13095,5429,5366,13159,13096,5430,5367]
		-0.00970413	-0.0525486	-0.626085	-0.00452784	0.138003	4.11761e-06
		0.0103519	0.000691396	-0.468674	-0.00446286	0.138045	3.40757e-06
		0.0103014	0.000570455	-0.468721	0.00452904	0.138047	-1.64863e-05
		-0.00975339	-0.0526682	-0.626129	0.00446407	0.138005	-2.146e-05
13159,[	0,	0.0557765,	0.5	]		-0.0107208	-0.0535185	-0.62668	-0.00451516	-0.0941288	2.36601e-05
13096,[	0,	0.0522706,	0.5	]		0.00949884	-0.000208399	-0.4692	-0.00445021	-0.0940868	1.60339e-05
		0.00944834	-0.000329304	-0.469247	0.00451637	-0.0940819	-3.85998e-06
		-0.01077	-0.0536381	-0.626725	0.00445141	-0.0941239	-1.91748e-06
#4640[13221,13158,5366,5303,13222,13159,5367,5304]
		-0.00971185	-0.0588322	-0.763813	-0.00453276	0.137951	4.82296e-06
		0.0105097	-0.00538299	-0.605871	-0.00446929	0.138003	4.11761e-06
		0.0104616	-0.00549983	-0.605914	0.00453449	0.138005	-2.146e-05
		-0.00976142	-0.0589506	-0.76386	0.00447101	0.137952	-2.64392e-05
13222,[	0,	0.0592824,	0.5	]		-0.0109622	-0.0600359	-0.76455	-0.00452007	-0.0949007	1.59358e-05
13159,[	0,	0.0557765,	0.5	]		0.00942291	-0.00651651	-0.606537	-0.00445663	-0.0948482	2.36601e-05
		0.00937491	-0.00663327	-0.60658	0.00452181	-0.0948516	-1.91748e-06
		-0.0110118	-0.0601542	-0.764596	0.00445837	-0.0949041	-1.53263e-05
#4704[13284,13221,5303,5240,13285,13222,5304,5241]
		-0.00975859	-0.0649374	-0.902024	-0.00454756	0.137888	5.52279e-06
		0.0106952	-0.0112159	-0.743406	-0.00447437	0.137951	4.82296e-06
		0.0106377	-0.0113527	-0.743461	0.00454051	0.137952	-2.64392e-05
		-0.0098043	-0.0650624	-0.902052	0.00446732	0.137889	-3.14255e-05
13285,[	0,	0.0627882,	0.5	]		-0.0112427	-0.0663746	-0.902901	-0.00453499	-0.0958683	8.11243e-05
13222,[	0,	0.0592824,	0.5	]		0.00937473	-0.012583	-0.744213	-0.0044617	-0.0958054	1.59358e-05
		0.00931718	-0.0127199	-0.744267	0.00452784	-0.0957693	-1.53263e-05
		-0.0112885	-0.0664998	-0.902928	0.00445455	-0.0958322	4.4176e-05
#4768[13347,13284,5240,5177,13348,13285,5241,5178]
		-0.00965944	-0.0708208	-1.04068	-0.00449732	0.137815	6.21694e-06
		0.0108283	-0.0169013	-0.881437	-0.00449961	0.137888	5.52279e-06
		0.010844	-0.0168831	-0.881403	0.00455947	0.137889	-3.14255e-05
		-0.00969351	-0.0708524	-1.04076	0.00456175	0.137816	-3.63693e-05
13348,[	0,	0.0662941,	0.5	]		-0.0113763	-0.0724921	-1.0417	-0.00448417	-0.0968892	-0.000190731
13285,[	0,	0.0627882,	0.5	]		0.00927371	-0.018503	-0.882384	-0.00448706	-0.0968158	8.11243e-05
		0.00928985	-0.0184837	-0.88235	0.00454689	-0.0969623	4.4176e-05
		-0.0114099	-0.0725226	-1.04178	0.00454978	-0.0970357	-0.000233318
#4832[4856,13347,5177,835,4857,13348,5178,836]
		-0.0108977	-0.0765949	-1.18069	-0.00472702	0.137731	6.90242e-06
		0.0114553	-0.0215531	-1.01957	-0.00441536	0.137815	6.21694e-06
		0.011166	-0.0221802	-1.0199	0.00444237	0.137816	-3.63693e-05
		-0.0109735	-0.0770085	-1.18053	0.00413071	0.137732	-4.17224e-05
13537,[	0,	0.00657373,	0.5	]		-0.0128571	-0.0785009	-1.18185	-0.00471484	-0.0986514	0.000980186
13348,[	0,	0.0662941,	0.5	]		0.00966974	-0.0233846	-1.02065	-0.00440224	-0.0985676	-0.000190731
		0.0093797	-0.0240135	-1.02099	0.00442857	-0.0979322	-0.000233318
		-0.0129337	-0.0789163	-1.18169	0.00411598	-0.0980161	0.000931562
