#elem
#32[355,2126,10701,2189,356,2127,10702,2190]
		-0.00485056	-0.0219477	-1.58163	-0.00491612	0.137669	0.000796652
		0.0109437	0.0240676	-1.44404	-0.00480242	0.137755	0.000741922
		0.0104299	0.0233778	-1.44507	0.0068937	0.137715	0.000677699
		-0.00536679	-0.0226399	-1.58266	0.006780	0.137629	0.000727647
		-0.00749883	-0.0245553	-1.58321	-0.00490175	-0.137495	-0.00119201
2127,[	-0.023,	0.0774,	0.5	]		0.00842539	0.0215157	-1.44556	-0.00478805	-0.137409	-0.00123429
10702,[	-0.0209875,	0.0774,	0.5	]		0.00791157	0.0208258	-1.44659	0.00687933	-0.13746	-0.00129851
		-0.00801506	-0.0252475	-1.58424	0.00676562	-0.137545	-0.00126102
#96[2189,10701,10764,2252,2190,10702,10765,2253]
		0.0002086	-0.0202505	-1.58027	-0.00367753	0.137629	0.000727647
		0.0109459	0.0235989	-1.44484	-0.00317827	0.137715	0.000677699
		0.00979419	0.0216743	-1.44676	0.00963674	0.137678	0.000613477
		-0.000929941	-0.0221619	-1.58216	0.00913748	0.137592	0.000658642
		-0.00243968	-0.0228581	-1.58185	-0.00366316	-0.137545	-0.00216506
10702,[	-0.0209875,	0.0774,	0.5	]		0.00842760	0.02104700	-1.44637	-0.0031639	-0.13746	-0.00228326
10765,[	-0.018975,	0.0774,	0.5	]		0.00727587	0.0191224	-1.44828	0.00962237	-0.137444	-0.00234748
		-0.00357822	-0.0247695	-1.58373	0.00912311	-0.137529	-0.00223407
#160[2252,10764,10827,2315,2253,10765,10828,2316]
		0.010057	-0.0174532	-1.57745	-0.00299889	0.137592	0.000658642
		0.0106148	0.022026	-1.44641	-0.00211708	0.137678	0.000613477
		0.00882862	0.0188747	-1.44921	0.0129463	0.137645	0.000549254
		0.00828629	-0.020589	-1.58021	0.0120644	0.137559	0.000589637
		0.00740868	-0.0200609	-1.57902	-0.00298452	-0.137529	-0.00320705
10765,[	-0.018975,	0.0774,	0.5	]		0.00809643	0.019474	-1.44793	-0.00210271	-0.137444	-0.00333223
10828,[	-0.0169625,	0.0774,	0.5	]		0.00631029	0.0163228	-1.45073	0.0129319	-0.137415	-0.00339645
		0.00563801	-0.0231966	-1.58179	0.0120501	-0.13750	-0.00327606
#224[2315,10827,10890,2378,2316,10828,10891,2379]
		0.0247012	-0.013554	-1.57318	-0.00288435	0.137559	0.000589637
		0.00994977	0.0193552	-1.44873	-0.0016217	0.137645	0.000549254
		0.00753119	0.014982	-1.45242	0.0168239	0.137615	0.000485031
		0.0222976	-0.0179123	-1.57683	0.0155613	0.137529	0.000520631
		0.022053	-0.0161617	-1.57476	-0.00286998	-0.13750	-0.00426326
10828,[	-0.0169625,	0.0774,	0.5	]		0.00743143	0.0168033	-1.45025	-0.00160733	-0.137415	-0.0043812
10891,[	-0.01495,	0.0774,	0.5	]		0.00501285	0.012430	-1.45394	0.0168096	-0.137384	-0.00444542
		0.0196494	-0.0205199	-1.57841	0.0155469	-0.13747	-0.00433226
#288[2378,10890,10953,2441,2379,10891,10954,2442]
		0.0441625	-0.00854167	-1.56746	-0.00333378	0.137529	0.000520631
		0.00893181	0.0155822	-1.45182	-0.00168919	0.137615	0.000485031
		0.00587953	0.009984	-1.45639	0.0212822	0.137589	0.000420808
		0.0411255	-0.0141246	-1.57200	0.0196376	0.137504	0.000451626
		0.0415142	-0.0111493	-1.56904	-0.00331941	-0.13747	-0.00531542
10891,[	-0.01495,	0.0774,	0.5	]		0.00641347	0.0130303	-1.45334	-0.00167482	-0.137384	-0.00543018
10954,[	-0.0129375,	0.0774,	0.5	]		0.00336118	0.00743204	-1.45791	0.0212678	-0.137348	-0.00549441
		0.0384772	-0.0167323	-1.57358	0.0196232	-0.137434	-0.00538442
#352[2441,10953,11016,2504,2442,10954,11017,2505]
		0.0684719	-0.00240472	-1.56028	-0.00436227	0.137504	0.000451626
		0.00754696	0.0106986	-1.45568	-0.00231822	0.137589	0.000420808
		0.00384066	0.00382797	-1.46116	0.0263321	0.137567	0.000356585
		0.0647874	-0.0092535	-1.56571	0.0242881	0.137482	0.00038262
		0.0658236	-0.00501237	-1.56186	-0.0043479	-0.137434	-0.00633504
10954,[	-0.0129375,	0.0774,	0.5	]		0.00502862	0.00814666	-1.45720	-0.00230385	-0.137348	-0.00647901
11017,[	-0.010925,	0.0774,	0.5	]		0.00132232	0.00127601	-1.46268	0.0263178	-0.137283	-0.00654323
		0.0621391	-0.0118612	-1.56729	0.0242737	-0.137369	-0.00640405
#416[2504,11016,11079,2567,2505,11017,11080,2568]
		0.097494	0.00476358	-1.55170	-0.00634638	0.137482	0.00038262
		0.00640326	0.00492623	-1.46006	-0.00341826	0.137567	0.000356585
		0.00147925	-0.00453073	-1.46702	0.0318985	0.137549	0.000292362
		0.0926285	-0.00463483	-1.55852	0.0289704	0.137463	0.000313614
		0.0948456	0.00215591	-1.55327	-0.006332	-0.137369	-0.00720412
11017,[	-0.010925,	0.0774,	0.5	]		0.00388491	0.00237426	-1.46159	-0.0034039	-0.137283	-0.00753318
11080,[	-0.0089125,	0.0774,	0.5	]		-0.00103908	-0.00708265	-1.46854	0.0318842	-0.137067	-0.0075974
		0.0899802	-0.00724246	-1.56009	0.0289561	-0.137152	-0.00727313
#480[2567,11079,2630,418,2568,11080,2631,419]
		0.126717	0.00997434	-1.54391	-0.0101145	0.137463	0.000313614
		0.0103691	-0.000720784	-1.46321	-0.00562385	0.137549	0.000292362
		0.00347499	-0.0145667	-1.47235	0.0352656	0.137535	0.000228127
		0.119969	-0.00372518	-1.55270	0.030775	0.137449	0.000244612
		0.124068	0.00736677	-1.54548	-0.01010	-0.137152	-0.00762552
11080,[	-0.0089125,	0.0774,	0.5	]		0.00785049	-0.00327283	-1.46473	-0.00560949	-0.137067	-0.00840466
2631,[	-0.0069,	0.0774,	0.5	]		0.000956511	-0.0171184	-1.47387	0.0352513	-0.136495	-0.00846889
		0.117321	-0.0063324	-1.55428	0.0307609	-0.13658	-0.00769452
#1120[3519,11142,3582,559,3520,11143,3583,560]
		0.139713	-0.00133378	-1.54826	-0.0238179	0.137438	-0.000169025
		0.0182471	-0.0144057	-1.47036	-0.0264916	0.137524	-0.000157337
		0.0223294	-0.00677562	-1.46439	0.00946614	0.137533	-0.000212433
		0.143625	0.00612547	-1.54268	0.0121398	0.137447	-0.000228181
		0.137065	-0.00394124	-1.54983	-0.0238062	-0.135894	0.00738322
11143,[	0.005175,	0.0774,	0.5	]		0.0157273	-0.016958	-1.47188	-0.02648	-0.135809	0.00842647
3583,[	0.0069,	0.0774,	0.5	]		0.0198098	-0.00932762	-1.46591	0.00945326	-0.136484	0.00837137
		0.140976	0.00351831	-1.54425	0.0121271	-0.13657	0.00732406
#1248[3456,11205,11142,3519,3457,11206,11143,3520]
		0.148641	0.00437405	-1.54568	-0.0195349	0.137432	-0.000109911
		0.0243583	-0.0100245	-1.46939	-0.0182271	0.137517	-0.000102272
		0.0243116	-0.0118066	-1.46776	0.018225	0.137524	-0.000157337
		0.148386	0.0023831	-1.54454	0.0169172	0.137438	-0.000169025
		0.145994	0.00176617	-1.54725	-0.0195234	-0.135064	0.00620686
11206,[	0.00345,	0.0774,	0.5	]		0.0218391	-0.0125774	-1.47091	-0.0182159	-0.134978	0.00747542
11143,[	0.005175,	0.0774,	0.5	]		0.0217928	-0.0143585	-1.46928	0.0182118	-0.135809	0.00742036
		0.145739	-0.00022378	-1.54612	0.0169044	-0.135894	0.00614775
#1376[3393,11268,11205,3456,3394,11269,11206,3457]
		0.146076	0.0066386	-1.54699	-0.0160662	0.137428	-5.08452e-05
		0.029964	-0.00434616	-1.46749	-0.0140791	0.137514	-4.7218e-05
		0.0288456	-0.00810137	-1.46747	0.0207949	0.137517	-0.000102272
		0.144803	0.00272916	-1.54732	0.0188078	0.137432	-0.000109911
		0.143430	0.00403121	-1.54857	-0.0160546	-0.13445	0.00420563
11269,[	0.001725,	0.0774,	0.5	]		0.0274451	-0.00689905	-1.46902	-0.0140676	-0.134364	0.00514061
11206,[	0.00345,	0.0774,	0.5	]		0.0263268	-0.0106541	-1.46899	0.0207823	-0.134978	0.00508555
		0.142157	0.000121939	-1.54890	0.0187952	-0.135064	0.00414656
#1504[3330,11331,11268,3393,3331,11332,11269,3394]
		0.141776	0.00669755	-1.54869	-0.016027	0.137427	8.18021e-06
		0.0319395	-0.00163329	-1.46662	-0.0149491	0.137513	7.86929e-06
		0.0311765	-0.00382652	-1.46697	0.0187235	0.137514	-4.7218e-05
		0.140951	0.00444206	-1.54919	0.0176456	0.137428	-5.08452e-05
		0.139131	0.00409048	-1.55027	-0.0160152	-0.134201	0.0015027
11332,[	0,	0.0774,	0.5	]		0.0294195	-0.00418685	-1.46815	-0.0149375	-0.134116	0.00187838
11269,[	0.001725,	0.0774,	0.5	]		0.0286566	-0.00637985	-1.46850	0.0187114	-0.134364	0.00182329
		0.138306	0.00183523	-1.55076	0.0176336	-0.13445	0.00144367
#1632[3267,11394,11331,3330,3268,11395,11332,3331]
		0.141398	0.00455996	-1.54901	-0.017974	0.137428	6.72292e-05
		0.0306872	-0.00411403	-1.46721	-0.0190922	0.137514	6.29086e-05
		0.0314926	-0.00182482	-1.46682	0.0147567	0.137513	7.86929e-06
		0.142260	0.00690477	-1.54848	0.0158749	0.137427	8.18021e-06
		0.138753	0.00195263	-1.55059	-0.0179617	-0.134423	-0.00145324
11395,[	-0.001725,	0.0774,	0.5	]		0.0281687	-0.00666688	-1.46873	-0.0190799	-0.134337	-0.00179332
11332,[	0,	0.0774,	0.5	]		0.0289741	-0.00437773	-1.46834	0.014745	-0.134116	-0.00184836
		0.139614	0.00429738	-1.55006	0.0158631	-0.134201	-0.00151229
#1760[3204,11457,11394,3267,3205,11458,11395,3268]
		0.145339	0.00238748	-1.54726	-0.0189528	0.137432	0.000126306
		0.0288475	-0.00866809	-1.46762	-0.0212025	0.137518	0.000117976
		0.0302133	-0.00431713	-1.46741	0.0137738	0.137514	6.29086e-05
		0.146872	0.00690583	-1.54666	0.0160235	0.137428	6.72292e-05
		0.142693	-0.000219312	-1.54883	-0.0189402	-0.135089	-0.00413524
11458,[	-0.00345,	0.0774,	0.5	]		0.0263285	-0.0112204	-1.46914	-0.0211895	-0.135003	-0.00515437
11395,[	-0.001725,	0.0774,	0.5	]		0.0276939	-0.00687037	-1.46894	0.0137627	-0.134337	-0.00520944
		0.144226	0.00429812	-1.54824	0.016012	-0.134423	-0.00419431
#1888[3141,11520,11457,3204,3142,11521,11458,3205]
		0.148864	0.00232128	-1.54439	-0.0168009	0.137439	0.000185439
		0.0252739	-0.011664	-1.46742	-0.0179504	0.137525	0.000173055
		0.0251675	-0.0102452	-1.46919	0.0184088	0.137518	0.000117976
		0.148954	0.00393662	-1.54571	0.0195582	0.137432	0.000126306
		0.146216	-0.000285641	-1.54597	-0.0167882	-0.13587	-0.00617783
11521,[	-0.005175,	0.0774,	0.5	]		0.0227548	-0.0142158	-1.46894	-0.0179373	-0.135784	-0.00737722
11458,[	-0.00345,	0.0774,	0.5	]		0.0226482	-0.0127977	-1.47072	0.0183974	-0.135003	-0.0074323
		0.146306	0.00132908	-1.54728	0.0195466	-0.135089	-0.00623696
#2016[418,2630,11520,3141,419,2631,11521,3142]
		0.144533	0.00680236	-1.54217	-0.0121265	0.137449	0.000244612
		0.0215688	-0.00681225	-1.46459	-0.00916147	0.137535	0.000228127
		0.0171845	-0.0151309	-1.47089	0.0271132	0.137525	0.000173055
		0.140329	-0.0013366	-1.54805	0.0241482	0.137439	0.000185439
		0.141884	0.00419476	-1.54375	-0.0121137	-0.13658	-0.00732701
2631,[	-0.0069,	0.0774,	0.5	]		0.0190498	-0.00936414	-1.46611	-0.00914879	-0.136495	-0.00842869
11521,[	-0.005175,	0.0774,	0.5	]		0.0146656	-0.0176827	-1.47241	0.0271012	-0.135784	-0.00848376
		0.137680	-0.00394407	-1.54963	0.0241363	-0.13587	-0.00738618
#2080[11583,4093,700,4156,11584,4094,701,4157]
		0.0104316	0.0233777	-1.44517	-0.00689435	0.137709	-0.000662025
		0.0109412	0.0240657	-1.44416	0.00480134	0.137749	-0.000726252
		-0.00485215	-0.0219476	-1.58174	0.00491662	0.137663	-0.000780244
		-0.00536413	-0.022638	-1.58276	-0.00677908	0.137623	-0.000711236
11584,[	0.0209875,	0.0774,	0.5	]		0.00791314	0.0208256	-1.44669	-0.00687998	-0.137454	0.00128289
4094,[	0.023,	0.0774,	0.5	]		0.00842274	0.0215137	-1.44568	0.00478697	-0.137405	0.00121866
		-0.00750057	-0.0245553	-1.58332	0.00490225	-0.13749	0.00117702
		-0.00801255	-0.0252458	-1.58434	-0.00676471	-0.13754	0.00124603
#2144[11646,11583,4156,4219,11647,11584,4157,4220]
		0.00979588	0.0216741	-1.44685	-0.00963754	0.137672	-0.000597799
		0.0109434	0.023597	-1.44495	0.00317719	0.137709	-0.000662025
		0.000207648	-0.0202501	-1.58037	0.00367805	0.137623	-0.000711236
		-0.000926921	-0.02216	-1.58224	-0.00913668	0.137587	-0.000642227
11647,[	0.018975,	0.0774,	0.5	]		0.00727742	0.0191221	-1.44837	-0.00962317	-0.137438	0.00233192
11584,[	0.0209875,	0.0774,	0.5	]		0.00842496	0.021045	-1.44647	0.00316282	-0.137454	0.00226769
		-0.00244076	-0.0228579	-1.58195	0.00366368	-0.13754	0.00215134
		-0.00357533	-0.0247678	-1.58382	-0.00912231	-0.137524	0.00222035
#2208[11709,11646,4219,4282,11710,11647,4220,4283]
		0.00883031	0.0188745	-1.44929	-0.0129472	0.137640	-0.000533573
		0.0106123	0.022024	-1.44650	0.0021161	0.137672	-0.000597799
		0.0100567	-0.0174528	-1.57754	0.00299948	0.137587	-0.000642227
		0.00828996	-0.0205871	-1.58029	-0.0120638	0.137554	-0.000573219
11710,[	0.0169625,	0.0774,	0.5	]		0.00631186	0.0163224	-1.45082	-0.0129328	-0.13741	0.00338094
11647,[	0.018975,	0.0774,	0.5	]		0.0080938	0.0194719	-1.44802	0.00210173	-0.137438	0.00331672
		0.00740831	-0.0200605	-1.57911	0.00298511	-0.137524	0.00319366
		0.00564156	-0.0231948	-1.58187	-0.0120494	-0.137496	0.00326267
#2272[11772,11709,4282,4345,11773,11710,4283,4346]
		0.00753281	0.0149817	-1.45249	-0.016825	0.137611	-0.000469347
		0.00994718	0.0193532	-1.44882	0.00162081	0.137640	-0.000533573
		0.0247018	-0.0135534	-1.57326	0.00288502	0.137554	-0.000573219
		0.0223021	-0.0179102	-1.57690	-0.0155608	0.137525	-0.000504211
11773,[	0.01495,	0.0774,	0.5	]		0.00501437	0.0124297	-1.45401	-0.0168106	-0.13738	0.00442997
11710,[	0.0169625,	0.0774,	0.5	]		0.00742873	0.0168011	-1.45034	0.00160645	-0.13741	0.00436574
		0.0220534	-0.0161612	-1.57484	0.00287065	-0.137496	0.00424997
		0.0196537	-0.0205179	-1.57848	-0.0155464	-0.137466	0.00431898
#2336[11835,11772,4345,4408,11836,11773,4346,4409]
		0.00588071	0.00998475	-1.45646	-0.0212836	0.137586	-0.000405122
		0.00892815	0.0155797	-1.45189	0.00168851	0.137611	-0.000469347
		0.0441642	-0.00854069	-1.56753	0.0033341	0.137525	-0.000504211
		0.0411318	-0.0141206	-1.57206	-0.019638	0.137500	-0.000435203
11836,[	0.0129375,	0.0774,	0.5	]		0.00336227	0.0074327	-1.45798	-0.0212692	-0.137345	0.00547899
11773,[	0.01495,	0.0774,	0.5	]		0.00640972	0.0130277	-1.45341	0.00167414	-0.13738	0.00541477
		0.0415159	-0.0111484	-1.56911	0.00331973	-0.137466	0.00530214
		0.0384834	-0.0167284	-1.57364	-0.0196236	-0.137431	0.00537115
#2400[11898,11835,4408,4471,11899,11836,4409,4472]
		0.00383551	0.00382532	-1.46122	-0.0263372	0.137565	-0.000340897
		0.00753797	0.010695	-1.45575	0.00231664	0.137586	-0.000405122
		0.0684804	-0.00239982	-1.56034	0.00436255	0.137500	-0.000435203
		0.0647995	-0.00924788	-1.56576	-0.0242913	0.137479	-0.000366195
11899,[	0.010925,	0.0774,	0.5	]		0.00131709	0.00127329	-1.46274	-0.0263228	-0.13728	0.00652786
11836,[	0.0129375,	0.0774,	0.5	]		0.00501955	0.00814297	-1.45727	0.00230228	-0.137345	0.00646363
		0.065832	-0.00500757	-1.56192	0.00434818	-0.137431	0.00632161
		0.0621511	-0.0118556	-1.56734	-0.0242769	-0.137365	0.00639062
#2464[11961,11898,4471,4534,11962,11899,4472,4535]
		0.0014663	-0.0045271	-1.46707	-0.031907	0.137547	-0.000276672
		0.00638106	0.00491627	-1.46013	0.00341862	0.137565	-0.000340897
		0.0975133	0.00477232	-1.55174	0.00634393	0.137479	-0.000366195
		0.092657	-0.0046126	-1.55854	-0.0289817	0.137461	-0.000297186
11962,[	0.0089125,	0.0774,	0.5	]		-0.00105209	-0.00707908	-1.46859	-0.0318927	-0.137063	0.00758198
11899,[	0.010925,	0.0774,	0.5	]		0.00386264	0.00236424	-1.46165	0.00340425	-0.13728	0.00751775
		0.0948649	0.00216458	-1.55332	0.00632955	-0.137365	0.00718994
		0.0900086	-0.00722029	-1.56012	-0.0289674	-0.137149	0.00725895
#2528[3582,11961,4534,559,3583,11962,4535,560]
		0.00339376	-0.0148909	-1.47250	-0.0353052	0.137533	-0.000212433
		0.0104408	-0.000680893	-1.46322	0.00558329	0.137547	-0.000276672
		0.126785	0.0100138	-1.54392	0.0102103	0.137461	-0.000297186
		0.119886	-0.00404808	-1.55285	-0.0306782	0.137447	-0.000228181
3583,[	0.0069,	0.0774,	0.5	]		0.000875268	-0.0174424	-1.47402	-0.0352909	-0.136484	0.00845624
11962,[	0.0089125,	0.0774,	0.5	]		0.00792202	-0.00323303	-1.46474	0.00556896	-0.137063	0.008392
		0.124137	0.00740616	-1.54549	0.0101957	-0.137149	0.00760487
		0.117238	-0.00665511	-1.55443	-0.0306641	-0.13657	0.00767388

